&洞窟の運び屋&栗九羅&こちらもストーリーステージ用に作ったステージです。
一応Wikiの方でもストーリーステージの
World6の洞窟ステージとして公開してます。
リンク先が同じなので、コメントもコードも同じなんですけどね。

[難易度]
hard

[背景画像]
スーパーマリオワールド
（ドーナツ平野コース２）

[BGM]
スーパーマリオカートWii
ワリオこうざん&&20,5,2,,&null&https://9ri9ra2021.github.io/9ri9ra/levels/cavehakobiya/background.png,https://9ri9ra2021.github.io/9ri9ra/levels/cavehakobiya/background.png&https://9ri9ra2021.github.io/9ri9ra/music/Wario'sGoldMine.mp3,6.18&18,19,,6200,240,6200,240,,,,1,,&8,73,100,8,2753,60&302,6,5,1,,134,,7,,1&,,,,,,,,,,,,,,,,,,,,,,,,,,,,,,,,,,,,,,,,,,,,,,,,,,,,,,,,,,,,,,,,,,,,,,,,,,,,,,,,,,,,,,,,,,,,,,,,,,,,,,,,,,,,,,,,,,,,,,,,,,,,,,,,,,,,,,53,,,,,,,,,,,,,,,,,,,,,,,,,,,,,,,,,,,,,,,,,,,,,,,,,,,,,,,,,1351,1352,1352,1352,1352,1352,1384,1382,1355,1355,1355,1355,1355,1355,1355,1355,1355,1355,1355,1355,1356,,,,,,,,,,,,,,,,,,,,2680,,,,,,,,,,407,407,407,407,407,407,407,407,407,407,407,407,407,407,407,407,407,,,,,,,,,,,,,,,,,,,,,,1351,1352,1352,1352,1352,1352,1352,1352,1352,1352,1352,1352,1352,1384,1382,1355,1355,1355,1355,1355,1355,1355,1355,1355,1355,1355,1355,1355,1355,1355,1359,,,,,,,,,,,,,,,,,,,,,,,,,,,,,,,,,,,,,,,,,,,,,,,,,,,,,,,,,,,,,,,,,,,,,,,,,,,,,,,,,,,,,,,,,,,,,,,,,,,,,,,,,,,,,,,,,,,,,,,,,,,,,,,,,,,,,,,,,,,,,211,57,211,,,2680,,,,,,,,,,,,,,,,,,,2680,2680,,,,,,,,,,,,,,,,,307,,,,,,,,,1351,1352,1352,1352,1384,1382,1383,1381,,,520,521,,,,520,521,,,,,,,,,,,,,,,,,,,,,,,,,,,,,,,,,,407,2680,407,2680,407,2680,407,2680,407,2680,407,2680,407,2680,407,2680,407,,,,,,,,2680,,,,,,,,,,,,,,1351,1352,1352,1352,1352,1352,1352,1352,1352,1352,1352,1384,1382,1383,1381,,,,,,,,,,,,,,,,1351,,,,,,,,,,,,,,,,,,,,,,,,,,,,,,,,,,,,,,,,,,,,,,,,,,,,,,,211,56,211,,,,,,,,,,,,,,,,,,,,,,,,,,,,211,56,211,,,,,,,,,,,,,,,952,,,,,,,,,,,,,,,,,,,,,,,,,,,,,,,,,,,,,,,,,,,,,,,,,,,,,,,,,,,,,,,,,,,,,,,,,,,,,,,407,407,407,407,407,407,407,407,407,,,1351,1352,1384,1382,1383,1381,,,,,520,521,,,,520,521,,,,,,,,,,,,,,,,,,,,,,,,,,,,,,,,,,,,,,,,,,,,,,,,,,,,,,,,,,,,,,,,,,,309,,,,,1351,1352,1352,1352,1352,1352,1352,1352,1352,1384,1382,1383,1381,,,,,,,,,,,,,,,,,,1351,,,,,,211,56,211,,,,,,,,,,,,211,57,211,,,,,,,,,,,,,,,,,,,336,407,,,,,,,,,,,,,,,,,,,,,,,,,,,,,,,,,,,,,,,,,,,,,,,,,,,,,,,,,,,,,,,,,,,323,,,,,,,1046,,,,,,,,,,,,,,,,,,,2370,,,,966,,,,,,,,,,,,,2680,2680,,,,,,,,,,,,,,,,,,,,,,,,,,,,407,407,407,407,407,407,407,407,2680,,,1354,1355,1383,1381,,,,,,,522,523,,,,522,523,,,,,,,,,,,,,,,,,,,,,,,,,,,,,,,,,,,,,,,,,,,,,,,,,,,,,,,,,,,,,,,1348,1349,1349,1349,1350,,,,,1351,1352,1352,1352,1352,1352,1352,1384,1382,1383,1381,,,,,,,,,,,,,,,,,,,,1351,,,,,,,,,,,,,,,,,,,,,,,,,,,,,,,,,,,,,,,1369,1371,1349,1350,1046,1046,1046,1046,,,,,,,,,,,,,,,,,,,,,,,,,,,,,,,,,,,,,,,,,,,,,,,,,,,,,,,,518,519,1348,1349,1349,1349,1349,1349,1350,,,,,367,,,,,,,,,,1046,,,,1046,,,,,,2370,,,,,,,,,,,,,,,,,,,,,,,,,,,,,,,,,,,,,,,,,,,,,,407,407,407,407,407,407,407,407,407,,,2682,,,,,,,,,,330,,,,,330,,,,,,,,,,,,,,,,,,,,,,,317,407,407,407,,,,,,,,,,,,,,,,,,,,,,,,,,,,,,,,,,,,,,1351,1352,1352,1352,1353,,,,,1354,1355,1355,1355,1355,1355,1355,1383,1381,,,,,,,,,,,,,,,,,,336,,336,,1354,,,,,966,,,,,,,,,,,,,,,,,,,,,,,,,,,,,,,,1369,1371,1370,1372,1352,1353,,,367,,,,,,1348,1349,1363,,,336,,,,,,,,,,,,,,,,,,,,,,367,,,,,,,,,,,,,,,,,,,,,,,,520,521,1351,1352,1352,1352,1352,1352,1353,,,,,,,,,,,1046,,,,,,367,,,,,,1348,1349,1349,1349,1349,1349,1349,1349,1349,1349,1349,1349,1349,1349,1350,,,,,,,,,,,,,,,,,,,,,,,,,,,,,,,,,,,,,,,,,,,,,2682,,,,,,,,,,,,,,,,,,,,,,336,,,,,,,,,,,,,,,,,,,,,,,,,,,,,,,,,312,,,,,,,,,312,,,,,,,,1348,1349,1349,1349,1350,,,1351,1352,1352,1352,1353,,,,,,,,,,,,,,,,,,,,,,,,,2365,2366,,,524,526,526,526,526,526,526,,,,,,,,,,,,,,,,,,,,,,,,,,,,,1046,,,,,407,1369,1371,1370,1372,1352,1352,1352,1353,,,,,,,,,1351,1352,1364,1349,1349,1349,1349,1349,1375,1373,336,,,,,,,,,,,,1348,1350,,,,,,,,,,1348,1349,1349,1349,1350,,,,,,,,,325,,,,,520,521,1351,1352,1352,1352,1352,1352,1353,393,393,393,393,393,393,393,393,393,393,393,,,,,,,,,,,,1351,1352,1352,1352,1352,1352,1360,1355,1355,1355,1355,1355,1355,1355,1356,,,,,,,,,,,,,,,407,407,407,,,,,,,,,,,,,,,,,,,,,,,,,,,,2682,,,,,,,,407,407,407,407,407,407,407,407,407,407,407,407,407,407,407,,,,,,,,,,,,,,,,,,,,,,,,,,,,407,407,407,407,407,407,407,407,407,407,407,407,407,407,407,407,407,,,,,,1354,1355,1355,1355,1356,,,1354,1355,1355,1355,1356,,,,,,,,,,,,,,,,,,,,,,,,,2367,2368,,53,525,527,527,527,527,527,527,1349,1349,1349,1349,1349,1349,1349,1349,1350,,367,,,,,,,1348,1349,1349,1349,1349,1349,1350,,,,367,,,,,,1348,1370,1372,1352,1352,1352,1352,1352,1353,393,393,393,393,393,393,393,393,1351,1352,1352,1352,1352,1352,1352,1352,1376,1374,1375,1373,,327,,,322,,,,,,1351,1353,393,393,393,393,,393,393,393,393,1351,1352,1352,1352,1358,1350,,,,,,,,518,519,,,,520,521,1351,1352,1352,1352,1352,1352,1358,1349,1349,1349,1349,1349,1349,1349,1349,1349,1349,1350,393,393,393,393,393,393,393,393,393,393,393,1351,1352,1352,1352,1352,1352,1353,,,,,,367,,2681,,,,,,,,,,,,,,,,,,,,,,,,,,,,,,,,,,,,,,,,,,,,,2682,,,,,,,,,,,,,,,,,,,,,,,,,,,,,,,,316,,,,,,,,,,,,,,,,,,,,,,,,,,,,,,,,,,,,,,,,,,,,,,,,,,,,,,,,,,,,,,,,,,,,,,,,,,1348,1349,1349,1349,1349,1349,1349,1349,1349,1349,1349,1349,1349,1352,1352,1352,1352,1352,1352,1352,1352,1353,,,,,,,,,1351,1352,1352,1352,1352,1352,1353,,,,,,,,,,1351,1352,1352,1352,1352,1352,1352,1352,1358,1349,1349,1349,1349,1349,1349,1349,1349,1357,1352,1352,1352,1352,1352,1352,1352,1352,1352,1376,1374,1349,1349,1349,1349,1349,1349,1350,3104,117,3105,1351,1358,1349,1349,1349,1350,,1348,1349,1349,1349,1357,1352,1352,1352,1352,1358,1350,,,,,,,520,521,,,,520,521,1351,1352,1352,1352,1352,1352,1352,1352,1352,1352,1352,1352,1352,1352,1352,1352,1352,1358,1349,1349,1349,1349,1349,1349,1349,1349,1349,1349,1349,1357,1352,1352,1352,1352,1352,1353,,,,,,,,2681,,,,,,,,,,2682,,,,,,,,,,,,,2681,,,,,,,,316,,,,,,,,,,,,,,2682,,,,,,,,,,,,,,,,,,,,,,,,,,,,,,,,,,,,,,,,,,,,,,,,,,,,,,,,,,,,,,,,,,,,,,,,2682,,,,,,,,,,,,,,,,385,,,,,,,,,,,,,,,,,,1351,1352,1352,1352,1352,1352,1352,1352,1352,1352,1352,1352,1352,1352,1352,1352,1352,1352,1352,1352,1352,1353,393,393,393,393,393,393,393,393,1351,1352,1352,1352,1352,1352,1353,393,393,393,393,393,393,393,393,393,1351,1352,1352,1352,1352,1352,1352,1352,1352,1352,1352,1352,1352,1352,1352,1352,1352,1352,1352,1352,1352,1352,1352,1352,1352,1352,1352,1352,1352,1352,1352,1352,1352,1352,1352,1353,,,,1351,1352,1352,1352,1352,1353,,1351,1352,1352,1352,1352,1352,1352,1352,1352,1352,1358,1350,,334,,334,,520,521,,,,520,521,1351,1352,1352,1352,1352,1352,1352,1352,1352,1352,1352,1352,1352,1352,1352,1352,1352,1352,1352,1352,1352,1352,1352,1352,1352,1352,1352,1352,1352,1352,1352,1352,1352,1352,1352,1358,1349,1349,1349,1349,1349,1349,1349,1350,393,393,393,393,393,393,393,393,393,393,393,393,393,393,393,393,393,393,393,393,393,393,393,393,393,393,393,393,393,393,393,393,393,393,393,393,393,393,393,393,393,393,393,393,393,393,393,393,393,393,393,393,393,393,393,393,393,393,393,393,393,393,393,393,393,393,393,393,393,393,393,393,393,393,393,393,393,393,393,393,393,393,393,393,393,393,393,393,393,2682,2682,2682,2682,2682,2682,2682,2682,2682,2682,2682,2682,1348,1349,1350,2681,2681,2681,2681,2681,2681,2681,393,393,393,393,393,393,393,393,393,393,393,393,393,393,393,393,393,393,393,393,393,393,393,393,393,393,393,393,393,393,393,393,393,393,393,393,,,,1351,1352,1352,1352,1352,1352,1352,1352,1352,1352,1352,1352,1352,1352,1352,1352,1352,1352,1352,1352,1352,1358,1349,1349,1349,1349,1349,1349,1349,1349,1357,1352,1352,1352,1352,1352,1358,1349,1349,1349,1349,1349,1349,1349,1349,1349,1357,1352,1352,1352,1352,1352,1352,1352,1352,1352,1352,1352,1352,1352,1352,1352,1352,1352,1352,1352,1352,1352,1352,1352,1352,1352,1352,1352,1352,1352,1352,1352,1352,1352,1352,1353,,346,,1351,1352,1352,1352,1352,1353,346,1351,1352,1352,1352,1352,1352,1352,1352,1352,1352,1352,1358,1349,1349,1349,1349,1349,1349,1350,,346,,1348,1349,1357,1352,1352,1352,1352,1352,1352,1352,1352,1352,1352,1352,1352,1352,1352,1352,1352,1352,1352,1352,1352,1352,1352,1352,1352,1352,1352,1352,1352,1352,1352,1352,1352,1352,1352,1352,1352,1352,1352,1352,1352,1352,1352,1358,1349,1349,1349,1349,1349,1349,1349,1349,1349,1349,1349,1349,1349,1349,1349,1349,1349,1349,1349,1349,1349,1349,1349,1349,1349,1349,1349,1349,1349,1349,1349,1349,1349,1349,1349,1349,1349,1349,1349,1349,1349,1349,1349,1349,1349,1349,1349,1349,1349,1349,1349,1349,1349,1349,1349,1349,1349,1349,1349,1349,1349,1349,1349,1349,1349,1349,1349,1349,1349,1349,1349,1349,1349,1349,1349,1349,1349,1349,1349,1349,1349,1349,1349,1349,1349,1349,1349,1349,1350,,,,,,,,,,,,,1351,1352,1353,,,,,,,,1348,1349,1349,1349,1349,1349,1349,1349,1349,1349,1349,1349,1349,1349,1349,1349,1349,1349,1349,1349,1349,1349,1349,1349,1349,1349,1349,1349,1349,1349,1349,1349,1349,1349,1349,1350,,346,,1351,1352,1352,1352,1352,1352,1352,1352,1352,1352,1352,1352,1352,1352,1352,1352,1352,1352,1352,1352,1352,1352,1352,1352,1352,1352,1352,1352,1352,1352,1352,1352,1352,1352,1352,1352,1352,1352,1352,1352,1352,1352,1352,1352,1352,1352,1352,1352,1352,1352,1352,1352,1352,1352,1352,1352,1352,1352,1352,1352,1352,1352,1352,1352,1352,1352,1352,1352,1352,1352,1352,1352,1352,1352,1352,1352,1352,1352,1352,1352,1352,1353,,,,1351,1352,1352,1352,1352,1353,,1351,1352,1352,1352,1352,1352,1352,1352,1352,1352,1352,1352,1352,1352,1352,1352,1352,1352,1353,,,,1351,1352,1352,1352,1352,1352,1352,1352,1352,1352,1352,1352,1352,1352,1352,1352,1352,1352,1352,1352,1352,1352,1352,1352,1352,1352,1352,1352,1352,1352,1352,1352,1352,1352,1352,1352,1352,1352,1352,1352,1352,1352,1352,1352,1352,1352,1352,1352,1352,1352,1352,1352,1352,1352,1352,1352,1352,1352,1352,1352,1352,1352,1352,1352,1352,1352,1352,1352,1352,1352,1352,1352,1352,1352,1352,1352,1352,1352,1352,1352,1352,1352,1352,1352,1352,1352,1352,1352,1352,1352,1352,1352,1352,1352,1352,1352,1352,1352,1352,1352,1352,1352,1352,1352,1352,1352,1352,1352,1352,1352,1352,1352,1352,1352,1352,1352,1352,1352,1352,1352,1352,1352,1352,1352,1352,1352,1352,1352,1352,1352,1352,1352,1352,1352,1353,,,,,,,,,,,,,1351,1352,1353,,,,,,,,1351,1352,1352,1352,1352,1352,1352,1352,1352,1352,1352,1352,1352,1352,1352,1352,1352,1352,1352,1352,1352,1352,1352,1352,1352,1352,1352,1352,1352,1352,1352,1352,1352,1352,1352,1353,,,,1351,1352,1352,1352,1352,1352,1352,1352,1352,1352,1352,1352,1352&,,,,,,,,,,,,,,,,,,,,,,,,,,,,,,,,,,,,,,,,,,,,,,,,,,,,,,,,,,,,,,,,,,,,,,,,,,,,,,,,,,,,,,,,,,,,,,,,,,,,,,,,,,,,,,,,,,,,,,,,,,,,,,,,,,,,,,,258,,,,,,,,,,,,,,,,,,,,,,,,,,,,,,,,,,,,,,,,,,,,,,,,,,,,,,,,,,,,,,,,,,,,,,,,,,,,,,,,,,,,,,,,,,,,,,,,,,,,,,,,,,,,,,,,,,,,,,,,,,,,,,,,,,,,,,,,,,,,,,,,,,,,,,,,,,,,,,,,,,,,,,,,,,,,,,,,,,,,,,,,,,,,,,,,,,,,,,,,,,,,,,,,,,,,,,,,,,,,,,,,,,,,,,,,,,,,,,,,,,,,,,,,,,,,,,,,,,,,,,,,,,,,,,,,,,,,,,,,,,,,,,,,,,,,,,,,,,,,,,,,,,,,,,259,,,,,,,,,,,,,,,,,,,,,,,,,,,,,,,,,,,,,,,,,,,,,,,,,,,,,,,,,,,,,,,,,,,,,,,,,,,,,,,,,,,,,,,,,,,,,,,,,,,,,,,,,,,,,,,,,,,,,,,,,,,,,,,,,,,,,,,,,,,,,,,,,,,,,,,,,,,,,,,,,,,,,,,,,,,,,,,,,,,,,,,,,,,,,,,,,,,,,,,,,,,,,,,,,,,,,,,,,,,,,,,,,,,,,,,,,,,,,,,,,,,,,,,,,,,,,,,,,,,,,,,,,,,,,,,,,,,,,,,,,,,,,,,,,,,,,,,,,,,,,,,,,,,,,,259,,,,,,,,,,,,,,,,,,,,,,,,,,,,,,,,,,,,,,,,,,,,,,,,,,,,,,,,,,,,,,,,,,,,,,,,,,,,,,,,,,,,,,,,,,,,,,,,,,,,,,,,,,,,,,,,,,,,,,,,,,,,,,,,,,,,,,,,,,,,,,,,,,,,,,,,,,,,,,,,,,,,,,,,,,,,,,,,,,,,,,,,,,,,,,,,,,,,,,,,,,,,,,,,,,,,,,,,,,,,,,,,,,,,,,,,,,,,,,,,,,,,,,,,,,,,,,,,,,,,,,,,,,,,,,,,,,,,,,,,,,,,,,,,,,,,,,,,,,,,,,,,,,,,,,259,,,,,,,,,,,,,,,,,,,,,,,,,,,,,,,,,,,,,,,,,,,,,,,,,,,,,,,,,,,,,,,,,,,,211,56,211,,,,,,,,,,,,,,,,,,,,,,,,,,,,,,,,,,,,,,,,,,,,,,,,,,,,,,,,,,,,,,,,,,,,,,,,,,,,,,,,,,,,,,,,,,,,,,,,,,,,,,,,,,,,,,,,,,,,,,,,,,,,,,,,,,,,,,,,,,,,,,,,,,,,,,,,,,,,,,,,,,,,,,,,,,,,,,,,,,,,,,,,,,,,,,,,,,,,,,,,,,,,,,,,,,,,,,,,,,,,,,,,,,,,,,,,,,,,,,,,259,,,,,,,,,,,,,,,,,,,,,,,,,,,,,,,,,,,,,,,,,,,,,,,,,,,,,,,,,,,,,,,,,,,,,,,,,,,,,,,,,,,,,,,,,,,,,,,,,,,,,,,,,,,,,,,,,,,,,,,,,,,,,,,,,,,,,,,,,,,,,,,,,,,,,,,,,,,,,,,,,,,,,,,,,,,,,,,,,,,,,,,,,,,,,,,,,,,,,,,,,,,,,,,,,,,,,,,,,,,,,,,,,,,,,,,,,,,,,,,,,,,,,,,,,,,,,,,,,,,,,,,,,,,,,,,,,,,,,,,,,,,,,,,,,,,,,,,,,,,,,,,,,,,,,,,,,,,,,,,,,,,,,,,,,,,,,,,,,,,,,,,,,,,,,,,,,,,,,,,,,,,,,,,,,,,,,,,,,,,,,,,,,,,,,,,,,,,,,,,,,,,,,,,,,,,,,,,,,,,,,,,,,,,,,,,,,,,,,,,,,,,,,,,,,,,,,,,,,,,,,,,,,,,,,,,,,,,,,,,,,,,,,,,,,,,,,,,,,,,,,,,,,,,,,,,,,,,,,,,,,,,,,,,,,,,,,,,,,,,,,,,,,,,,,,,,,,,,,,,,,,,,,,,,,,,,,,,,,,,,,,,,,,,,,,,,,,,,,,,,,,,,,,,,,,,,,,,,,,,,,,,,,,,,,,,,,,,,,,,,,,,,,,,,,,,,,,,,,,,,,,,,,,,,,,,,,,,,,,,,,,,,,,,,,,,,,,,,,,,,,,,,,,,,,,,,,,,,,,,,,,,,,,,,,,,,,,,,,,,,,,,,,,,,,,,,,,,,,,,,,,,,,,,,,,,,,,,,,,,,,,,,,,,,,,,,,,,,,,,,,,,,,,,,,,,,,,,,,,,,,,,,,,,,,,,,,,,,,,,,,,,,,,,,,,,,,,,,,,,,,,,,,,,,,,,,,,,,,,,,,,,,,,,,,,,,,,,,,,,,,,,,,,,,,,,,,,,,,,,,,,,,,,,,,,,,,,,,,,,,,,,,,,,,,,,,,,,,,,,,,,,,,,,,,,,,,,,,,,,,,,,,,,,,,,,,,,,,,,,,,,,,,,,,,,,,,,,,,,,,,,,,,,,,,,,,,,,,,,,,,,,,,,,,,,,,,,,,,,,,,,,,,,,,,,,,,,,,,,,,,,,,,,,,,,,,,,,,,,,,,,,,,,,,,,,,,,,,,,,,,,,,,,,,,,,,,,,,,,,,,,,,,,,,,,,,,,,,,,,,,,,,,,,,,,,,,,,,,,,,,,,,,,,,,,,,,,,,,,,,,,,,,,,,,,,,,,,,,,,,,,,,,,,,,,,,,,,,,,,,,,,,,,,,,,,,,,,,,,,,,,,,,,,,,,,,,,,,,,,,,,,,,,,,,,,,,,,,,,,,,,,,,,,,,,,,,,,,,,,,,,,,,,,,,,,,,,,,,,,,,,,,,,,,,,,,,,,,,,,,,,,,,,,,,,,,,,,,,,,,,,,,,,,,,,,,,,,,,,,,,,,,,,,,,,,,,,,,,,,,,,,,,,,,,,,,,,,,,,,,,,,,,,,,,,,,,,,,,,,,,,,,,,,,,,,,,,,,,,,,,,,,,,,,,,,,,,,,,,,,,,,,,,,,,,,,,,,,,,,,,,,,,,,,,,,,,,,,,,,,,,,,,,,,,,,,,,,,,,,,,,,,,,,,,,,,,,,,,,,,,,,,,,,,,,,,,,,,,,,,,,,,,,,,,,,,,,,,,,,,,,,,,,,,,,,,,,,,,,,,,,,,,,,,,,,,,,,,,,,,,,,,,,,,,,,,,,,,,,,,,,,,,,,,,,,,,,,,,,,,,,,,,,,,,,,,,,,,,,,,,,,,,,,,,,,,,,,,,,,,,,,,,,,,,,,,,,,,,,,,,,,,,,,,,,,,,,,,,,,,,,,,,,,,,,,,,,,,,,,,,,,,,,,,,,,,,,,,,,,,,,,,,,,,,,,,,,,,,,,,,,,,,,,,,,,,,,,,,,,,,,,,,,,,,,,,,,,,,,,,,,,,,,,,,,,,,,,,,,,,,,,,,,,,,,,,,,,,,,,,,,,,,,,,,,,,,,,,,,,,,,,,,,,,,,,,,,,,,,,,,,,,,,,,,,,,,,,,,,,,,,,,,,,,,,,,,,,,,,,,,,,,,,,,,,,,,,,,,,,,,,,,,,,,,,,,,,,2181,2181,2181,2181,2181,2181,2181,2181,2181,2181,2181,2181,2181,2181,2181,2181,2181,2181,2181,2181,2181,2181,2181,2181,2181,2181,2181,2181,2181,2181,2181,2181,2181,2181,2181,2181,2181,2181,2181,2181,2181,2181,2181,2181,2181,2181,2181,2181,2181,2181,2181,2181,2181,2181,2181,2181,2181,2181,2181,2181,2181,2181,2181,2181,2181,2181,2181,2181,2181,2181,2181,2181,2181,2181,2181,2181,2181,2181,2181,2181,2181,2181,2181,2181,2181,2181,2181,2181,2181,2181,2181,2181,2181,2181,2181,2181,2181,2181,2181,2181,2181,2181,2181,2181,2181,2181,2181,2181,2181,2181,2181,2181,2181,2181,2181,2181,2181,2181,2181,2181,2181,2181,2181,2181,2181,2181,2181,2181,2181,2181,2181,2181,2181,2181,2181,2181,2181,2181,2181,2181,2181,2181,2181,2181,2181,2181,2181,2181,2181,2181,2181,2181,2181,2181,2181,2181,2181,2181,2181,2181,2181,2181,2181,2181,2181,2181,2181,2181,2181,2181,2181,2181,2181,2181,2181,2181,2181,2181,2181,2181,2181,2181,2181,2181,2181,2181,2181,2181,2181,2181,2181,2181,2181,2181,2181,2181,2181,2181,2181,2181,2181,2181,2181,2181,2181,2181,2181,2181,2181,2181,2181,2181,2181,2181,2181,2181,2181,2181,2181,2181,2181,2181,2181,2181,2181,2181,2181,2181,2181,2181,2181,2181,2181,2181,2181,2181,2181,2181,2181,2181,2181,2181,2181,2181,2181,2181,2181,2181,2181,2181,2181,2181,2181,2181,2181,2181,2181,2181,2181,2181,2181,2181,2181,2181,2181,2181,2181,2181,2181,2181,2181,2181,2181,2181,2181,2181,2181,2181,2181,2181,2181,2181,2181,2181,2181,2181,2181,2181,2181,2181,2181,2181,2181,2181,2181,2181,2181,2181,2181,2181,2181,2181,2181,2181,2181,2181,2181,2181,2181,2181&null&https://cdn.wikiwiki.jp/to/w/tl3o68x/%3A%E7%81%AB%E7%82%89/Random%20Title/::ref/42.png,https://cdn.wikiwiki.jp/to/w/tl3o68x/%3A%E7%81%AB%E7%82%89/Random%20Title/::ref/42.png&https://9ri9ra2021.github.io/9ri9ra/music/Wario'sGoldMine.mp3,6.18&5,19,,600,240,600,240,,,1,1,,&2,33,120&&,,,,,,,,,,,,,,,,,,,,,,,,,,,,,,,,,,,,,,,,,,,,,,,,,,,,,,,,,,,,,,,,,,,,,,,,,,,370,,,,,,,,,,,,,,,,,,,,,,,,,,,,,,,,,,,,,,,,,,,,,,,,,,,,,,,,,,,,,,,,,,,,,,,,,,,,,,,,,,,,,,,,,,,,,,,,,,,,,,,,,,518,519,,,,,,,,,,,,,,,,,,,,,,,,,,,,,520,521,,2365,2366,,,,,,,,,,,,,,,,,,,,,,,,,,520,521,,2367,2368,,,,,367,,,,,,,,,,,,,,,,,,,,81,81,81,81,81,86,,,,,,,,80,81,81,81,81,81,81,81,81,81,81,81,81,81,81,81,81,82,82,82,82,82,88,393,393,393,393,393,393,393,83,82,82,82,82,82,82,82,82,82,82,82,82,82,82,82,82,82,82,82,82,82,91,81,81,81,81,81,81,81,92,82,82,82,82,82,82,82,82,82,82,82,82,82,82,82,82&,,,,,,,,,,,,,,,,,,,,,,,,,,,,,,,,,,,,,,,,,,,,,,,,,,,,,,,,,,,,,,,,,,,,,,,,,,,,,,,,,,,,,,,,,,,,,,,,,,,,,,,,,,,,,,,,,,,,,,,,,,,,,,,,,,,,,,,,,,,,,,,,,,,,,,,,,,,,,,,,,,,,,,,,,,,,,,,,,,,,,,,,,,,,,,,,,,,,,,,,,,,,,,,,,,,,,,,,,,,,,,,,,,,,,,,,,,,,,,,,,,,,,,,,,,,,,,,,,,,,,,,,,,,,,,,,,,,,,,,,,,,,,,,,,,,,,,,,,,,,,,,,,,,,,,,,,,,,,,,,,,,,,,,,,,,,,,,,,,,,,,,,,,,,,,,,,,,,,,,&